0 1
1 0
2 0
3 0
4 2
5 6
6 0
7 0
8 411
9 0
10 0
11 0
12 6
13 346
14 9
15 10
16 378
17 1
18 245
19 34
20 11
21 256
22 3
23 15
24 399
25 239
26 15
27 86
28 96
29 4
30 681
31 17
32 3
33 0
34 0
35 0
36 0
37 0
38 0
39 0
40 0
41 0
42 0
43 1
44 2
45 0
46 0
47 0
48 0
49 0
50 2
51 0
52 0
53 0
54 161
55 29
56 1
57 1
58 0
59 0
60 0
61 0
62 8
63 1
64 0
65 1
66 0
67 0
68 0
69 0
70 0
71 0
72 0
73 0
74 65
75 411
76 136
77 119
78 564
79 2
80 3
81 1
82 0
83 1
84 0
85 0
86 0
87 0
88 0
89 0
90 0
91 1
92 0
93 0
94 1
95 0
96 0
97 0
98 0
99 21
100 0
101 514
102 409
103 3
104 388
105 223
106 52
107 0
108 1
109 0
110 0
111 0
112 0
113 0
114 615
115 394
116 101
117 0
118 0
119 351
120 8
121 579
122 579
123 37
124 2
125 1615
126 936
127 0
128 0
129 0
130 0
131 0
132 0
133 559
134 0
135 1
136 1
137 0
138 0
139 0
140 3
141 0
142 0
143 72
144 0
145 2
146 0
147 0
148 0
149 1
150 268
151 0
152 2
153 1
154 0
155 0
156 0
157 2
158 0
159 423
160 9
161 1
162 0
163 1
164 2
165 0
166 293
167 0
168 0
169 0
170 0
171 0
172 0
173 3
174 0
175 1
176 23
177 141
178 57
179 117
180 0
181 0
182 0
183 0
184 1
185 0
186 2
187 0
188 1
189 8
190 0
191 0
192 0
193 0
194 0
195 0
196 0
197 0
198 0
199 0
200 0
201 0
202 0
203 0
204 0
205 0
206 0
207 0
208 0
209 4
210 0
211 0
212 0
213 1
214 1
215 3
216 265
217 0
218 1
219 0
220 0
221 0
222 0
223 0
224 0
225 1
226 0
227 2
228 2
229 0
230 3
