0 0
1 302
2 529
3 11
4 6001
5 128
6 706
7 2654
8 6
9 7
10 0
11 8
12 14
13 43
14 1
15 95
16 252
17 3
18 23
19 6
20 4
21 5
22 1832
23 1593
24 96
25 3
26 6
27 15
28 3
29 339
30 2428
31 7
32 320
33 342
34 2971
35 115
36 126
37 775
38 468
39 1
40 124
41 323
42 2
43 1
44 0
45 0
46 59
47 42
48 36
49 133
50 0
51 0
52 0
53 0
54 204
55 8
56 0
57 1
58 0
59 0
60 0
61 0
62 0
63 3
64 0
65 0
66 0
67 0
68 0
69 1
70 0
71 0
72 0
73 0
74 2
75 0
76 0
77 0
78 0
79 0
80 0
81 0
82 0
83 0
84 0
85 0
86 0
87 0
88 0
89 1
90 0
91 3
92 0
93 0
94 0
95 0
96 968
97 1
98 478
99 12
100 1
101 0
102 0
103 0
104 0
105 1
106 0
107 0
108 0
109 0
110 0
111 0
112 0
113 249
114 29
115 171
116 45
117 7
118 14
119 6
120 974
121 3
122 0
123 1
124 15
125 0
126 0
127 3
128 0
129 2
130 0
131 2
132 0
133 2
134 0
135 0
136 0
137 0
138 0
139 0
140 0
141 0
142 0
143 0
144 0
145 0
146 0
147 0
148 0
149 2
150 0
151 0
152 0
153 0
154 0
155 301
156 18
157 54
158 12
159 685
160 545
161 305
162 6
163 165
164 199
165 864
166 541
167 209
168 1
169 0
170 8
171 472
172 0
173 2
174 0
175 0
176 0
177 0
178 0
179 0
180 0
181 0
182 0
183 0
184 1
185 0
186 0
187 0
188 3
189 1
190 0
191 0
192 0
193 2
194 0
195 0
196 1
197 0
198 3
199 0
200 0
201 84
202 123
203 55
204 35
205 676
206 216
207 8
208 954
209 43
210 258
211 0
212 0
213 2
214 0
215 0
216 0
217 234
218 0
219 0
220 0
221 0
222 6
223 0
224 0
225 0
226 0
227 1
228 0
229 0
230 1
231 0
232 0
233 0
234 0
235 2357
236 4
237 0
238 455
239 0
240 69
241 144
242 84
243 0
244 0
245 1
246 0
247 0
248 0
249 0
250 0
251 0
252 0
253 0
