0 0
1 907
2 26
3 386
4 1114
5 87
6 401
7 2108
8 30
9 332
10 165
11 1
12 2
13 0
14 0
15 0
16 0
17 0
18 0
19 0
20 0
21 0
22 0
23 0
24 0
25 288
26 0
27 0
28 0
29 2
30 0
31 2684
32 10
33 253
34 339
35 305
36 0
37 576
38 304
39 94
40 9
41 64
42 1951
43 56
44 9
45 2
46 37
47 62
48 25
49 2793
50 57
51 5
52 186
53 523
54 4815
55 1
56 30
57 4
58 7
59 16
60 2033
61 126
62 118
63 24
64 3
65 300
66 3
67 6
68 3
69 9
70 401
71 55
72 6
73 9
74 7
75 1680
76 694
77 32
78 10
79 7
80 737
81 4
82 5
83 4
84 534
85 1
86 57
87 31
88 176
89 1
90 1
91 335
92 154
93 5
94 112
95 423
96 6
97 802
98 211
99 1
100 3
101 2608
102 0
103 2008
104 26
105 5
106 23
107 9
108 5
109 16
110 92
111 480
112 17
113 5
114 419
115 484
116 40
117 183
118 2
119 1684
120 8
121 418
122 251
123 78
124 3
125 10
126 2
127 2607
128 293
129 1165
130 299
131 8
132 540
133 14
134 129
135 303
136 94
137 26
138 264
139 486
140 3
141 471
142 25
143 147
144 34
145 331
146 255
147 8
148 284
149 12
150 347
151 126
152 2
153 1
154 117
155 375
156 47
157 533
158 464
159 7
160 39
161 147
162 176
163 356
164 438
165 121
166 938
167 137
168 921
169 348
170 2063
171 592
172 0
173 0
174 0
175 0
176 0
177 0
178 0
179 0
180 0
181 1
182 1
183 0
184 1
185 1
186 10
187 0
188 0
189 177
190 0
191 0
192 1
193 1099
194 4
195 24
196 39
197 0
198 0
199 0
200 0
201 0
202 0
203 0
204 1
205 1
206 0
207 0
208 0
209 0
210 0
211 0
212 0
213 0
214 1
215 0
216 0
217 0
218 0
219 0
220 0
221 0
222 0
223 0
224 0
225 0
226 0
227 0
228 0
229 1
230 0
231 1
232 0
233 0
234 0
235 0
236 0
237 0
238 0
239 0
240 0
241 0
242 0
243 0
244 1
245 2
246 0
247 0
248 1
249 0
250 0
251 0
252 0
253 0
