0 1
1 7398
2 194
3 6
4 0
5 8
6 117
7 5
8 0
9 44
10 228
11 537
12 407
13 126
14 6
15 6
16 2745
17 258
18 2065
19 116
20 513
21 4
22 5
23 4
24 4
25 3
26 329
27 351
28 3171
29 781
30 212
31 409
32 128
33 2
34 3
35 4
36 56
37 520
38 172
39 114
40 0
41 23
42 216
43 19
44 0
45 0
46 0
47 0
48 0
49 0
50 1
51 0
52 0
53 0
54 0
55 2
56 0
57 0
58 0
59 0
60 0
61 0
62 0
63 0
64 0
65 0
66 0
67 0
68 0
69 0
70 1
71 0
72 1
73 1
74 0
75 0
76 0
77 0
78 0
79 3
80 0
81 0
82 0
83 0
84 0
85 5
86 0
87 0
88 19
89 546
90 0
91 1
92 1
93 1
94 0
95 0
96 1074
97 693
98 0
99 0
100 0
101 0
102 0
103 0
104 40
105 289
106 92
107 19
108 163
109 2
110 1
111 97
112 4
113 1
114 59
115 1
116 0
117 0
118 0
119 0
120 0
121 0
122 0
123 0
124 0
125 0
126 0
127 0
128 0
129 0
130 0
131 0
132 0
133 0
134 0
135 6
136 0
137 0
138 0
139 0
140 0
141 0
142 0
143 0
144 0
145 0
146 0
147 0
148 0
149 0
150 14
151 554
152 0
153 9
154 0
155 0
156 0
157 0
158 0
159 0
160 0
161 819
162 356
163 738
164 569
165 327
166 6
167 0
168 13
169 21
170 99
171 8
172 162
173 66
174 136
175 2
176 227
177 0
178 0
179 0
180 248
181 1
182 0
183 0
184 0
185 3
186 0
187 1
188 0
189 0
190 0
191 2
192 0
193 0
194 2
195 0
196 2
197 2
198 242
199 174
200 146
201 40
202 601
203 512
204 8
205 0
206 1035
207 3
208 89
209 276
210 2351
211 51
212 9
213 0
214 2
215 1
216 471
217 0
218 3
219 77
220 171
221 43
222 1
223 0
224 0
225 0
226 0
227 0
228 0
229 0
230 0
231 0
232 2
233 0
234 2
235 0
236 0
237 0
238 0
239 0
240 0
241 0
242 0
243 1
244 1
245 0
246 0
247 0
248 7
249 0
250 1
251 0
252 0
253 0
254 0
255 0
256 0
257 0
258 0
259 0
