0 8
1 147
2 2690
3 128
4 354
5 168
6 4
7 4
8 1108
9 282
10 2
11 398
12 185
13 164
14 13
15 0
16 0
17 0
18 0
19 0
20 0
21 1
22 0
23 0
24 0
25 0
26 0
27 2
28 0
29 37
30 469
31 0
32 0
33 0
34 0
35 0
36 1250
37 0
38 0
39 0
40 2
41 0
42 0
43 0
44 171
45 23
46 0
47 33
48 354
49 175
50 0
51 1
52 1
53 0
54 0
55 0
56 0
57 1
58 0
59 0
60 0
61 4
62 2
63 1
64 0
65 1
66 0
67 18
68 458
69 137
70 262
71 370
72 8674
73 265
74 28
75 3293
76 159
77 281
78 11
79 1
80 0
81 21
82 37
83 2
84 6
85 5
86 16
87 20
88 4
89 15
90 0
91 6
92 7
93 5492
94 145
95 94
96 3339
97 61
98 6
99 4
100 5
101 552
102 21
103 86
104 2503
105 1019
106 0
107 7
108 2768
109 7
110 72
111 28
112 31
113 256
114 882
115 0
116 3
117 2
118 469
119 2787
120 827
121 4120
122 6
123 308
124 7
125 1031
126 3
127 1043
128 10
129 54
130 0
131 10
132 1
133 3
134 4
135 11
136 19
137 2
138 8
139 6
140 16
141 2
142 2
143 458
144 2
145 2337
146 374
147 170
148 29
149 0
150 1150
151 26
152 469
153 219
154 805
155 202
156 5
157 413
158 789
159 247
160 332
161 4
162 18
163 19
164 4
165 1811
166 6
167 316
168 14
169 755
170 0
171 629
172 283
173 135
174 130
175 97
176 715
177 685
178 2212
179 7
180 1590
181 310
182 0
183 516
184 2
185 100
186 823
187 17
188 7
189 3476
190 11
191 385
192 125
193 418
194 4
195 232
196 0
197 58
198 5
199 366
200 391
201 356
202 8
203 6
204 225
205 160
206 262
207 31
208 276
209 39
210 645
211 642
212 669
213 785
214 1042
215 984
216 1388
217 13
218 3
219 1030
220 58
221 974
222 0
223 0
224 0
225 224
226 632
227 169
228 284
229 0
230 0
231 0
232 0
233 0
234 0
235 0
236 0
237 0
238 0
239 0
240 0
241 1
242 70
243 0
244 1856
245 0
246 217
247 91
248 196
249 0
250 0
251 0
252 0
253 0
254 0
255 0
256 0
257 0
258 0
259 0
260 0
261 0
262 0
263 1
264 0
265 2
266 0
267 0
268 0
269 0
270 0
271 0
272 0
273 0
274 0
275 0
276 0
277 0
278 0
279 0
280 0
281 0
282 197
283 367
284 1
285 1
286 1
287 0
288 0
289 0
290 1
291 4
292 0
293 0
294 0
295 1
296 0
297 0
298 0
299 306
300 1
301 0
302 0
303 0
304 1
305 389
306 0
307 0
308 0
309 0
310 0
311 0
312 0
313 0
314 0
315 0
316 0
317 0
318 0
319 0
320 0
321 0
322 0
323 0
324 0
325 464
326 0
327 0
328 1
